--[[This is the most important part]]
local DataBuild = [[
[{"Size":{"CFrame":[27.915088653564453125,315.1114501953125,111.32598876953125,-1.1920928955078125e-07,-0,-1.00000011920928955078125,0,1,-0,1.00000011920928955078125,0,-1.1920928955078125e-07],"Size":[52.642223358154296875,1,41.719997406005859375]},"Lights":{"LightType":"PointLight"},"Material":["Slate"],"Color":[27,42,53],"PartId":1,"Lighting":{"Color":[255,255,255],"Range":30}},{"Size":{"CFrame":[-11.05366230010986328125,314.654815673828125,108.84552764892578125,-0.0055139064788818359375,0.06225907802581787109375,0.9980447292327880859375,-0.9999797344207763671875,-0.0035076141357421875,-0.0053057968616485595703125,0.0031704604625701904296875,-0.99805390834808349609375,0.06227719783782958984375],"Size":[0.2599999606609344482421875,9.88000011444091796875,9.88000011444091796875]},"Material":["Marble"],"Color":[99,95,98],"PartId":5},{"Size":{"CFrame":[-10.98334789276123046875,314.61370849609375,108.89240264892578125,-0.0055139064788818359375,0.06225907802581787109375,0.9980447292327880859375,-0.9999797344207763671875,-0.0035076141357421875,-0.0053057968616485595703125,0.0031704604625701904296875,-0.99805390834808349609375,0.06227719783782958984375],"Size":[0.3399999439716339111328125,8.86999988555908203125,8.86999988555908203125]},"Material":["Marble"],"Color":[27,42,53],"PartId":5},{"Size":{"CFrame":[-12.08491230010986328125,315.1114501953125,111.28302764892578125,-1.1920928955078125e-07,-0,-1.00000011920928955078125,0,1,-0,1.00000011920928955078125,0,-1.1920928955078125e-07],"Size":[52.557964324951171875,1,41.719997406005859375]},"Lights":{"LightType":"PointLight"},"Material":["Slate"],"Color":[27,42,53],"PartId":1,"Lighting":{"Color":[255,255,255],"Range":30}},{"Color":[163,162,165],"Mesh":{"MeshType":"FileMesh","MeshId":"rbxassetid://514529302","Scale":[0.733014047145843505859375,0.54894721508026123046875,1.01749670505523681640625]},"CreateMesh":[],"Size":{"CFrame":[11.48540019989013671875,308.240570068359375,112.55646514892578125,4.291534423828125e-06,-1.4007091522216796875e-06,-1,0.5878241062164306640625,0.808988749980926513671875,1.4007091522216796875e-06,0.8089888095855712890625,-0.5878241062164306640625,4.291534423828125e-06],"Size":[1.46503269672393798828125,1.0972816944122314453125,2.033622264862060546875]},"Surfaces":{"Top":"Studs","Bottom":"Inlet"},"PartId":1},{"Color":[163,162,165],"Mesh":{"MeshType":"FileMesh","MeshId":"rbxassetid://514529302","Scale":[0.733014047145843505859375,0.54894721508026123046875,1.01749670505523681640625]},"CreateMesh":[],"Size":{"CFrame":[11.48540019989013671875,308.240570068359375,133.2127227783203125,4.291534423828125e-06,-1.4007091522216796875e-06,-1,0.5878241062164306640625,0.808988749980926513671875,1.4007091522216796875e-06,0.8089888095855712890625,-0.5878241062164306640625,4.291534423828125e-06],"Size":[1.46503269672393798828125,1.0972816944122314453125,2.033622264862060546875]},"Surfaces":{"Top":"Studs","Bottom":"Inlet"},"PartId":1},{"Size":{"CFrame":[54.899463653564453125,288.458953857421875,124.09162139892578125,-1.1920928955078125e-07,-0,-1.00000011920928955078125,0,1,-0,1.00000011920928955078125,0,-1.1920928955078125e-07],"Size":[3.099549770355224609375,0.0500000007450580596923828125,2.93243694305419921875]},"Material":["Marble",1],"Color":[27,42,53],"PartId":7},{"Size":{"CFrame":[54.899463653564453125,302.459197998046875,124.09162139892578125,-1.1920928955078125e-07,-0,-1.00000011920928955078125,0,1,-0,1.00000011920928955078125,0,-1.1920928955078125e-07],"Size":[3.099549770355224609375,0.0500000007450580596923828125,2.93243694305419921875]},"Material":["Marble",1],"Color":[27,42,53],"PartId":7},{"Size":{"CFrame":[41.797901153564453125,303.207550048828125,130.4861602783203125,0.866007268428802490234375,0,0.500031411647796630859375,0,1,0,-0.500031411647796630859375,0,0.866007268428802490234375],"Size":[11.30743312835693359375,6.235715389251708984375,1.33028614521026611328125]},"Material":["Wood"],"Color":[17,17,17],"PartId":1},{"Size":{"CFrame":[66.7119598388671875,288.894287109375,132.3728790283203125,-8.106231689453125e-05,8.106231689453125e-05,-1,-1,8.106231689453125e-05,8.106231689453125e-05,8.106231689453125e-05,1,8.106231689453125e-05],"Size":[0.66587162017822265625,7.662952423095703125,9.515193939208984375]},"Material":["Marble"],"Color":[163,162,165],"PartId":5},{"Size":{"CFrame":[66.7119598388671875,302.894500732421875,132.3728790283203125,-8.106231689453125e-05,8.106231689453125e-05,-1,-1,8.106231689453125e-05,8.106231689453125e-05,8.106231689453125e-05,1,8.106231689453125e-05],"Size":[0.66587162017822265625,7.662952423095703125,9.515193939208984375]},"Material":["Marble"],"Color":[163,162,165],"PartId":5},{"Size":{"CFrame":[26.711963653564453125,302.894500732421875,132.3728790283203125,-8.106231689453125e-05,8.106231689453125e-05,-1,-1,8.106231689453125e-05,8.106231689453125e-05,8.106231689453125e-05,1,8.106231689453125e-05],"Size":[0.66587162017822265625,7.662952423095703125,9.515193939208984375]},"Material":["Marble"],"Color":[163,162,165],"PartId":5},{"Color":[90,76,66],"Mesh":{"MeshType":"FileMesh","MeshId":"rbxassetid://514528119","Scale":[0.22762663662433624267578125,1.76694667339324951171875,0.237358987331390380859375]},"CreateMesh":[],"Size":{"CFrame":[51.485401153564453125,291.45501708984375,133.1424102783203125,-1.1920928955078125e-07,-0,-1.00000011920928955078125,0,1,-0,1.00000011920928955078125,0,-1.1920928955078125e-07],"Size":[0.4543550014495849609375,3.5338938236236572265625,0.47471797466278076171875]},"Surfaces":{"Top":"Studs","Bottom":"Inlet"},"PartId":1},{"Color":[163,162,165],"Mesh":{"MeshType":"FileMesh","MeshId":"rbxassetid://514529302","Scale":[0.733014047145843505859375,0.54894721508026123046875,1.01749670505523681640625]},"CreateMesh":[],"Size":{"CFrame":[51.485401153564453125,308.240570068359375,133.2127227783203125,4.291534423828125e-06,-1.4007091522216796875e-06,-1,0.5878241062164306640625,0.808988749980926513671875,1.4007091522216796875e-06,0.8089888095855712890625,-0.5878241062164306640625,4.291534423828125e-06],"Size":[1.46503269672393798828125,1.0972816944122314453125,2.033622264862060546875]},"Surfaces":{"Top":"Studs","Bottom":"Inlet"},"PartId":1},{"Color":[163,162,165],"Mesh":{"MeshType":"FileMesh","MeshId":"rbxassetid://514529302","Scale":[0.733014047145843505859375,0.54894721508026123046875,1.01749670505523681640625]},"CreateMesh":[],"Size":{"CFrame":[51.485401153564453125,308.240570068359375,112.55646514892578125,4.291534423828125e-06,-1.4007091522216796875e-06,-1,0.5878241062164306640625,0.808988749980926513671875,1.4007091522216796875e-06,0.8089888095855712890625,-0.5878241062164306640625,4.291534423828125e-06],"Size":[1.46503269672393798828125,1.0972816944122314453125,2.033622264862060546875]},"Surfaces":{"Top":"Studs","Bottom":"Inlet"},"PartId":1},{"Color":[163,162,165],"Mesh":{"MeshType":"FileMesh","MeshId":"rbxassetid://514529302","Scale":[0.733014047145843505859375,0.54894721508026123046875,1.01749670505523681640625]},"CreateMesh":[],"Size":{"CFrame":[51.485401153564453125,308.240570068359375,91.31818389892578125,4.291534423828125e-06,-1.4007091522216796875e-06,-1,0.5878241062164306640625,0.808988749980926513671875,1.4007091522216796875e-06,0.8089888095855712890625,-0.5878241062164306640625,4.291534423828125e-06],"Size":[1.46503269672393798828125,1.0972816944122314453125,2.033622264862060546875]},"Surfaces":{"Top":"Studs","Bottom":"Inlet"},"PartId":1},{"Size":{"CFrame":[-40.975536346435546875,301.46856689453125,44.57990264892578125,-1.1920928955078125e-07,0,1.00000011920928955078125,0,1,0,-1.00000011920928955078125,0,-1.1920928955078125e-07],"Size":[0.316311061382293701171875,2.8599998950958251953125,0.3332421779632568359375]},"Material":["SmoothPlastic"],"Color":[27,42,53],"PartId":1},{"Size":{"CFrame":[-40.975536346435546875,301.46856689453125,42.38849639892578125,-1.1920928955078125e-07,0,1.00000011920928955078125,0,1,0,-1.00000011920928955078125,0,-1.1920928955078125e-07],"Size":[0.316311061382293701171875,2.8599998950958251953125,0.3332421779632568359375]},"Material":["SmoothPlastic"],"Color":[27,42,53],"PartId":1},{"Size":{"CFrame":[-40.975536346435546875,301.46856689453125,47.18927764892578125,-1.1920928955078125e-07,0,1.00000011920928955078125,0,1,0,-1.00000011920928955078125,0,-1.1920928955078125e-07],"Size":[0.316311061382293701171875,2.8599998950958251953125,0.3332421779632568359375]},"Material":["SmoothPlastic"],"Color":[27,42,53],"PartId":1},{"Size":{"CFrame":[-40.975536346435546875,301.46856689453125,38.58380889892578125,-1.1920928955078125e-07,0,1.00000011920928955078125,0,1,0,-1.00000011920928955078125,0,-1.1920928955078125e-07],"Size":[0.316311061382293701171875,2.8599998950958251953125,0.3332421779632568359375]},"Material":["SmoothPlastic"],"Color":[27,42,53],"PartId":1},{"Size":{"CFrame":[-40.975536346435546875,301.46856689453125,49.38849639892578125,-1.1920928955078125e-07,0,1.00000011920928955078125,0,1,0,-1.00000011920928955078125,0,-1.1920928955078125e-07],"Size":[0.316311061382293701171875,2.8599998950958251953125,0.3332421779632568359375]},"Material":["SmoothPlastic"],"Color":[27,42,53],"PartId":1},{"Size":{"CFrame":[-40.975536346435546875,301.46856689453125,40.18927764892578125,-1.1920928955078125e-07,0,1.00000011920928955078125,0,1,0,-1.00000011920928955078125,0,-1.1920928955078125e-07],"Size":[0.316311061382293701171875,2.8599998950958251953125,0.3332421779632568359375]},"Material":["SmoothPlastic"],"Color":[27,42,53],"PartId":1},{"Size":{"CFrame":[29.7979030609130859375,298.31463623046875,86.43146514892578125,-1,0,0,0,1,0,0,0,-1],"Size":[8.318454742431640625,4.45622730255126953125,2]},"Color":[27,42,53],"PartId":1},{"Size":{"CFrame":[-0.1395989954471588134765625,293.043304443359375,86.43146514892578125,-1,0,0,0,1,0,0,0,-1],"Size":[12,15,2]},"Color":[27,42,53],"PartId":1},{"Size":{"CFrame":[69.7978973388671875,312.314788818359375,86.43146514892578125,-1,0,0,0,1,0,0,0,-1],"Size":[8.318454742431640625,4.45622730255126953125,2]},"Color":[27,42,53],"PartId":1},{"Size":{"CFrame":[56.766651153564453125,293.043304443359375,86.43146514892578125,-1,0,0,0,1,0,0,0,-1],"Size":[17.99524688720703125,15,2]},"Color":[27,42,53],"PartId":1},{"Size":{"CFrame":[79.8603973388671875,307.04351806640625,86.43146514892578125,-1,0,0,0,1,0,0,0,-1],"Size":[12,15,2]},"Color":[27,42,53],"PartId":1},{"Size":{"CFrame":[69.7978973388671875,298.31463623046875,86.43146514892578125,-1,0,0,0,1,0,0,0,-1],"Size":[8.318454742431640625,4.45622730255126953125,2]},"Color":[27,42,53],"PartId":1},{"Size":{"CFrame":[-23.2333507537841796875,307.04351806640625,86.43146514892578125,-1,0,0,0,1,0,0,0,-1],"Size":[17.99524688720703125,15,2]},"Color":[27,42,53],"PartId":1},{"Size":{"CFrame":[-0.1395989954471588134765625,307.04351806640625,86.43146514892578125,-1,0,0,0,1,0,0,0,-1],"Size":[12,15,2]},"Color":[27,42,53],"PartId":1},{"Size":{"CFrame":[79.8603973388671875,293.043304443359375,86.43146514892578125,-1,0,0,0,1,0,0,0,-1],"Size":[12,15,2]},"Color":[27,42,53],"PartId":1},{"Size":{"CFrame":[-40.139598846435546875,307.04351806640625,86.43146514892578125,-1,0,0,0,1,0,0,0,-1],"Size":[12,15,2]},"Color":[27,42,53],"PartId":1},{"Size":{"CFrame":[39.860401153564453125,307.04351806640625,86.43146514892578125,-1,0,0,0,1,0,0,0,-1],"Size":[12,15,2]},"Color":[27,42,53],"PartId":1},{"Size":{"CFrame":[-63.702098846435546875,307.04351806640625,86.43146514892578125,-1,0,0,0,1,0,0,0,-1],"Size":[18.9258575439453125,15,2]},"Color":[27,42,53],"PartId":1},{"Size":{"CFrame":[56.766651153564453125,307.04351806640625,86.43146514892578125,-1,0,0,0,1,0,0,0,-1],"Size":[17.99524688720703125,15,2]},"Color":[27,42,53],"PartId":1},{"Size":{"CFrame":[-10.20209789276123046875,312.314788818359375,86.43146514892578125,-1,0,0,0,1,0,0,0,-1],"Size":[8.318454742431640625,4.45622730255126953125,2]},"Color":[27,42,53],"PartId":1},{"Size":{"CFrame":[-10.20209789276123046875,298.31463623046875,86.43146514892578125,-1,0,0,0,1,0,0,0,-1],"Size":[8.318454742431640625,4.45622730255126953125,2]},"Color":[27,42,53],"PartId":1},{"Size":{"CFrame":[39.860401153564453125,293.043304443359375,86.43146514892578125,-1,0,0,0,1,0,0,0,-1],"Size":[12,15,2]},"Color":[27,42,53],"PartId":1},{"Size":{"CFrame":[-23.2333507537841796875,293.043304443359375,86.43146514892578125,-1,0,0,0,1,0,0,0,-1],"Size":[17.99524688720703125,15,2]},"Color":[27,42,53],"PartId":1},{"Size":{"CFrame":[16.76663970947265625,307.04351806640625,86.43146514892578125,-1,0,0,0,1,0,0,0,-1],"Size":[17.99524688720703125,15,2]},"Color":[27,42,53],"PartId":1},{"Size":{"CFrame":[29.7979030609130859375,312.314788818359375,86.43146514892578125,-1,0,0,0,1,0,0,0,-1],"Size":[8.318454742431640625,4.45622730255126953125,2]},"Color":[27,42,53],"PartId":1},{"Size":{"CFrame":[-50.202098846435546875,312.314788818359375,86.43146514892578125,-1,0,0,0,1,0,0,0,-1],"Size":[8.318454742431640625,4.45622730255126953125,2]},"Color":[27,42,53],"PartId":1},{"Size":{"CFrame":[16.76663970947265625,293.043304443359375,86.43146514892578125,-1,0,0,0,1,0,0,0,-1],"Size":[17.99524688720703125,15,2]},"Color":[27,42,53],"PartId":1},{"Size":{"CFrame":[69.0166473388671875,298.613494873046875,108.89240264892578125,-0.0055139064788818359375,0.06225907802581787109375,0.9980447292327880859375,-0.9999797344207763671875,-0.0035076141357421875,-0.0053057968616485595703125,0.0031704604625701904296875,-0.99805390834808349609375,0.06227719783782958984375],"Size":[0.3399999439716339111328125,8.86999988555908203125,8.86999988555908203125]},"Material":["Marble"],"Color":[27,42,53],"PartId":5},{"Size":{"CFrame":[27.946338653564453125,298.654632568359375,108.84552764892578125,-0.0055139064788818359375,0.06225907802581787109375,0.9980447292327880859375,-0.9999797344207763671875,-0.0035076141357421875,-0.0053057968616485595703125,0.0031704604625701904296875,-0.99805390834808349609375,0.06227719783782958984375],"Size":[0.2599999606609344482421875,9.88000011444091796875,9.88000011444091796875]},"Material":["Marble"],"Color":[99,95,98],"PartId":5},{"Size":{"CFrame":[36.024463653564453125,286.13873291015625,67.17755889892578125,0,1,-0,-1,0,0,0,0,1],"Size":[0.20000000298023223876953125,1.19999980926513671875,1]},"Mesh":{"MeshType":"Cylinder"},"CreateMesh":[],"Lights":{"LightType":"PointLight"},"Material":[null,1],"Color":[255,255,0],"PartId":1,"Lighting":{"Range":60,"Brightness":20,"Color":[170,0,0]},"Surfaces":{"Top":"Studs","Bottom":"Inlet"}},{"Size":{"CFrame":[7.469776153564453125,298.361480712890625,137.7986602783203125,1,0,0,0,1,0,0,0,1],"Size":[161.402252197265625,34.646152496337890625,1]},"Material":["Slate"],"Color":[27,42,53],"PartId":1},{"Size":{"CFrame":[68.8057098388671875,292.801055908203125,108.56427764892578125,-0.0051395893096923828125,0.396826803684234619140625,0.9178791046142578125,0.999984443187713623046875,4.4405460357666015625e-05,0.0055800378322601318359375,0.0021735727787017822265625,0.91789352893829345703125,-0.39682090282440185546875],"Size":[13.47999858856201171875,0.4700011312961578369140625,0.4699995517730712890625]},"Material":["Marble"],"Color":[99,95,98],"PartId":5},{"Size":{"CFrame":[68.9932098388671875,286.230255126953125,108.75177764892578125,-0.0051395893096923828125,0.396826803684234619140625,0.9178791046142578125,0.999984443187713623046875,4.4405460357666015625e-05,0.0055800378322601318359375,0.0021735727787017822265625,0.91789352893829345703125,-0.39682090282440185546875],"Size":[0.3399999439716339111328125,8.86999988555908203125,8.86999988555908203125]},"Material":["Marble"],"Color":[27,42,53],"PartId":5},{"Size":{"CFrame":[68.9463348388671875,286.189422607421875,108.81818389892578125,-0.0051395893096923828125,0.396826803684234619140625,0.9178791046142578125,0.999984443187713623046875,4.4405460357666015625e-05,0.0055800378322601318359375,0.0021735727787017822265625,0.91789352893829345703125,-0.39682090282440185546875],"Size":[0.2599999606609344482421875,9.88000011444091796875,9.88000011444091796875]},"Material":["Marble"],"Color":[99,95,98],"PartId":5},{"Size":{"CFrame":[27.946338653564453125,286.189422607421875,108.81818389892578125,-0.0051395893096923828125,0.396826803684234619140625,0.9178791046142578125,0.999984443187713623046875,4.4405460357666015625e-05,0.0055800378322601318359375,0.0021735727787017822265625,0.91789352893829345703125,-0.39682090282440185546875],"Size":[0.2599999606609344482421875,9.88000011444091796875,9.88000011444091796875]},"Material":["Marble"],"Color":[99,95,98],"PartId":5},{"Size":{"CFrame":[27.993213653564453125,286.230255126953125,108.75177764892578125,-0.0051395893096923828125,0.396826803684234619140625,0.9178791046142578125,0.999984443187713623046875,4.4405460357666015625e-05,0.0055800378322601318359375,0.0021735727787017822265625,0.91789352893829345703125,-0.39682090282440185546875],"Size":[0.3399999439716339111328125,8.86999988555908203125,8.86999988555908203125]},"Material":["Marble"],"Color":[27,42,53],"PartId":5},{"Size":{"CFrame":[27.805713653564453125,292.801055908203125,108.56427764892578125,-0.0051395893096923828125,0.396826803684234619140625,0.9178791046142578125,0.999984443187713623046875,4.4405460357666015625e-05,0.0055800378322601318359375,0.0021735727787017822265625,0.91789352893829345703125,-0.39682090282440185546875],"Size":[13.47999858856201171875,0.470000326633453369140625,0.4699995517730712890625]},"Material":["Marble"],"Color":[99,95,98],"PartId":5},{"Size":{"CFrame":[-11.05366230010986328125,300.189544677734375,108.81818389892578125,-0.0051395893096923828125,0.396826803684234619140625,0.9178791046142578125,0.999984443187713623046875,4.4405460357666015625e-05,0.0055800378322601318359375,0.0021735727787017822265625,0.91789352893829345703125,-0.39682090282440185546875],"Size":[0.2599999606609344482421875,9.88000011444091796875,9.88000011444091796875]},"Material":["Marble"],"Color":[99,95,98],"PartId":5},{"Size":{"CFrame":[68.9463348388671875,298.654632568359375,108.84552764892578125,-0.0055139064788818359375,0.06225907802581787109375,0.9980447292327880859375,-0.9999797344207763671875,-0.0035076141357421875,-0.0053057968616485595703125,0.0031704604625701904296875,-0.99805390834808349609375,0.06227719783782958984375],"Size":[0.2599999606609344482421875,9.88000011444091796875,9.88000011444091796875]},"Material":["Marble"],"Color":[99,95,98],"PartId":5},{"Size":{"CFrame":[-12.01459789276123046875,286.230255126953125,108.75177764892578125,-0.0051395893096923828125,0.396826803684234619140625,0.9178791046142578125,0.999984443187713623046875,4.4405460357666015625e-05,0.0055800378322601318359375,0.0021735727787017822265625,0.91789352893829345703125,-0.39682090282440185546875],"Size":[0.3399999439716339111328125,8.86999988555908203125,8.86999988555908203125]},"Material":["Marble"],"Color":[27,42,53],"PartId":5},{"Size":{"CFrame":[-12.1942844390869140625,292.801055908203125,108.56427764892578125,-0.0051395893096923828125,0.396826803684234619140625,0.9178791046142578125,0.999984443187713623046875,4.4405460357666015625e-05,0.0055800378322601318359375,0.0021735727787017822265625,0.91789352893829345703125,-0.39682090282440185546875],"Size":[13.47999858856201171875,0.470000326633453369140625,0.4699995517730712890625]},"Material":["Marble"],"Color":[99,95,98],"PartId":5},{"Size":{"CFrame":[-11.98334789276123046875,298.613494873046875,108.89240264892578125,-0.0055139064788818359375,0.06225907802581787109375,0.9980447292327880859375,-0.9999797344207763671875,-0.0035076141357421875,-0.0053057968616485595703125,0.0031704604625701904296875,-0.99805390834808349609375,0.06227719783782958984375],"Size":[0.3399999439716339111328125,8.86999988555908203125,8.86999988555908203125]},"Material":["Marble"],"Color":[27,42,53],"PartId":5},{"Size":{"CFrame":[-12.05366230010986328125,286.189422607421875,108.81818389892578125,-0.0051395893096923828125,0.396826803684234619140625,0.9178791046142578125,0.999984443187713623046875,4.4405460357666015625e-05,0.0055800378322601318359375,0.0021735727787017822265625,0.91789352893829345703125,-0.39682090282440185546875],"Size":[0.2599999606609344482421875,9.88000011444091796875,9.88000011444091796875]},"Material":["Marble"],"Color":[99,95,98],"PartId":5},{"Size":{"CFrame":[-11.0067844390869140625,300.23046875,108.75177764892578125,-0.0051395893096923828125,0.396826803684234619140625,0.9178791046142578125,0.999984443187713623046875,4.4405460357666015625e-05,0.0055800378322601318359375,0.0021735727787017822265625,0.91789352893829345703125,-0.39682090282440185546875],"Size":[0.3399999439716339111328125,8.86999988555908203125,8.86999988555908203125]},"Material":["Marble"],"Color":[27,42,53],"PartId":5},{"Size":{"CFrame":[-50.983348846435546875,300.613494873046875,108.89240264892578125,-0.0055139064788818359375,0.06225907802581787109375,0.9980447292327880859375,-0.9999797344207763671875,-0.0035076141357421875,-0.0053057968616485595703125,0.0031704604625701904296875,-0.99805390834808349609375,0.06227719783782958984375],"Size":[0.3399999439716339111328125,8.86999988555908203125,8.86999988555908203125]},"Material":["Marble"],"Color":[27,42,53],"PartId":5},{"Size":{"CFrame":[-51.053661346435546875,300.209014892578125,108.65802764892578125,-0.0055139064788818359375,0.06225907802581787109375,0.9980447292327880859375,0.9999797344207763671875,0.0035076141357421875,0.0053057968616485595703125,-0.0031704604625701904296875,0.99805390834808349609375,-0.06227719783782958984375],"Size":[0.2599999606609344482421875,9.88000011444091796875,9.88000011444091796875]},"Material":["Marble"],"Color":[99,95,98],"PartId":5},{"Size":{"CFrame":[46.766651153564453125,300.04345703125,111.7986602783203125,0,0,1,0,1,-0,-1,0,0],"Size":[53,31,2]},"Color":[27,42,53],"PartId":1},{"Size":{"CFrame":[6.766651153564453125,300.619140625,111.7986602783203125,0,0,1,0,1,-0,-1,0,0],"Size":[53,29.84633636474609375,2]},"Color":[27,42,53],"PartId":1},{"Size":{"CFrame":[87.2978973388671875,309.27545166015625,114.17755889892578125,-1.1920928955078125e-07,-0,-1.00000011920928955078125,0,1,-0,1.00000011920928955078125,0,-1.1920928955078125e-07],"Size":[0.4060001373291015625,7.3466796875,1.2923920154571533203125]},"Material":["Marble"],"Color":[99,95,98],"PartId":1},{"Size":{"CFrame":[68.9932098388671875,300.23046875,108.75177764892578125,-0.0051395893096923828125,0.396826803684234619140625,0.9178791046142578125,0.999984443187713623046875,4.4405460357666015625e-05,0.0055800378322601318359375,0.0021735727787017822265625,0.91789352893829345703125,-0.39682090282440185546875],"Size":[0.3399999439716339111328125,8.86999988555908203125,8.86999988555908203125]},"Material":["Marble"],"Color":[27,42,53],"PartId":5},{"Size":{"CFrame":[87.2978973388671875,309.27545166015625,105.63459014892578125,-1.1920928955078125e-07,-0,-1.00000011920928955078125,0,1,-0,1.00000011920928955078125,0,-1.1920928955078125e-07],"Size":[0.4060001373291015625,7.3466796875,1.2923920154571533203125]},"Material":["Marble"],"Color":[99,95,98],"PartId":1},{"Size":{"CFrame":[87.2978973388671875,305.798980712890625,109.75959014892578125,-1.1920928955078125e-07,-0,-1.00000011920928955078125,0,1,-0,1.00000011920928955078125,0,-1.1920928955078125e-07],"Size":[8.65865230560302734375,0.396754324436187744140625,1.2923920154571533203125]},"Material":["Marble"],"Color":[99,95,98],"PartId":1},{"Size":{"CFrame":[68.8057098388671875,307.801239013671875,108.57209014892578125,-0.0051395893096923828125,0.396826803684234619140625,0.9178791046142578125,0.999984443187713623046875,4.4405460357666015625e-05,0.0055800378322601318359375,0.0021735727787017822265625,0.91789352893829345703125,-0.39682090282440185546875],"Size":[15.47999858856201171875,0.4699995517730712890625,0.4699995517730712890625]},"Material":["Marble"],"Color":[99,95,98],"PartId":5},{"Size":{"CFrame":[69.0166473388671875,314.61370849609375,108.89240264892578125,-0.0055139064788818359375,0.06225907802581787109375,0.9980447292327880859375,-0.9999797344207763671875,-0.0035076141357421875,-0.0053057968616485595703125,0.0031704604625701904296875,-0.99805390834808349609375,0.06227719783782958984375],"Size":[0.3399999439716339111328125,8.86999988555908203125,8.86999988555908203125]},"Material":["Marble"],"Color":[27,42,53],"PartId":5},{"Size":{"CFrame":[68.9463348388671875,314.654815673828125,108.84552764892578125,-0.0055139064788818359375,0.06225907802581787109375,0.9980447292327880859375,-0.9999797344207763671875,-0.0035076141357421875,-0.0053057968616485595703125,0.0031704604625701904296875,-0.99805390834808349609375,0.06227719783782958984375],"Size":[0.2599999606609344482421875,9.88000011444091796875,9.88000011444091796875]},"Material":["Marble"],"Color":[99,95,98],"PartId":5},{"Size":{"CFrame":[86.8525848388671875,309.21136474609375,109.84943389892578125,-1.1920928955078125e-07,-0,-1.00000011920928955078125,0,1,-0,1.00000011920928955078125,0,-1.1920928955078125e-07],"Size":[8.28129863739013671875,6.679182529449462890625,0.12238998711109161376953125]},"Material":["Slate",0.5],"Color":[196,40,28],"PartId":1},{"Size":{"CFrame":[67.9150848388671875,315.1114501953125,111.28693389892578125,-1.1920928955078125e-07,-0,-1.00000011920928955078125,0,1,-0,1.00000011920928955078125,0,-1.1920928955078125e-07],"Size":[52.568775177001953125,1,41.719997406005859375]},"Lights":{"LightType":"PointLight"},"Material":["Slate"],"Color":[27,42,53],"PartId":1,"Lighting":{"Color":[255,255,255],"Range":30}},{"Size":{"CFrame":[28.7979030609130859375,307.801239013671875,108.57209014892578125,-0.0051395893096923828125,0.396826803684234619140625,0.9178791046142578125,0.999984443187713623046875,4.4405460357666015625e-05,0.0055800378322601318359375,0.0021735727787017822265625,0.91789352893829345703125,-0.39682090282440185546875],"Size":[15.47999858856201171875,0.4699995517730712890625,0.4699995517730712890625]},"Material":["Marble"],"Color":[99,95,98],"PartId":5},{"Size":{"CFrame":[29.0166492462158203125,314.61370849609375,108.89240264892578125,-0.0055139064788818359375,0.06225907802581787109375,0.9980447292327880859375,-0.9999797344207763671875,-0.0035076141357421875,-0.0053057968616485595703125,0.0031704604625701904296875,-0.99805390834808349609375,0.06227719783782958984375],"Size":[0.3399999439716339111328125,8.86999988555908203125,8.86999988555908203125]},"Material":["Marble"],"Color":[27,42,53],"PartId":5},{"Size":{"CFrame":[-12.05366230010986328125,298.654632568359375,108.84552764892578125,-0.0055139064788818359375,0.06225907802581787109375,0.9980447292327880859375,-0.9999797344207763671875,-0.0035076141357421875,-0.0053057968616485595703125,0.0031704604625701904296875,-0.99805390834808349609375,0.06227719783782958984375],"Size":[0.2599999606609344482421875,9.88000011444091796875,9.88000011444091796875]},"Material":["Marble"],"Color":[99,95,98],"PartId":5},{"Size":{"CFrame":[28.0166492462158203125,298.613494873046875,108.89240264892578125,-0.0055139064788818359375,0.06225907802581787109375,0.9980447292327880859375,-0.9999797344207763671875,-0.0035076141357421875,-0.0053057968616485595703125,0.0031704604625701904296875,-0.99805390834808349609375,0.06227719783782958984375],"Size":[0.3399999439716339111328125,8.86999988555908203125,8.86999988555908203125]},"Material":["Marble"],"Color":[27,42,53],"PartId":5},{"Size":{"CFrame":[-11.1942844390869140625,307.801239013671875,108.57209014892578125,-0.0051395893096923828125,0.396826803684234619140625,0.9178791046142578125,0.999984443187713623046875,4.4405460357666015625e-05,0.0055800378322601318359375,0.0021735727787017822265625,0.91789352893829345703125,-0.39682090282440185546875],"Size":[15.47999858856201171875,0.4699995517730712890625,0.4699995517730712890625]},"Material":["Marble"],"Color":[99,95,98],"PartId":5},{"Size":{"CFrame":[87.2978973388671875,312.721466064453125,109.75959014892578125,-1.1920928955078125e-07,-0,-1.00000011920928955078125,0,1,-0,1.00000011920928955078125,0,-1.1920928955078125e-07],"Size":[8.65865230560302734375,0.396754324436187744140625,1.2923920154571533203125]},"Material":["Marble"],"Color":[99,95,98],"PartId":1},{"Size":{"CFrame":[28.946338653564453125,314.654815673828125,108.84552764892578125,-0.0055139064788818359375,0.06225907802581787109375,0.9980447292327880859375,-0.9999797344207763671875,-0.0035076141357421875,-0.0053057968616485595703125,0.0031704604625701904296875,-0.99805390834808349609375,0.06227719783782958984375],"Size":[0.2599999606609344482421875,9.88000011444091796875,9.88000011444091796875]},"Material":["Marble"],"Color":[99,95,98],"PartId":5},{"Size":{"CFrame":[-33.233348846435546875,299.54345703125,111.7986602783203125,0,0,1,0,1,-0,-1,0,0],"Size":[53,32,2]},"Color":[27,42,53],"PartId":1},{"Size":{"CFrame":[-52.084911346435546875,315.1114501953125,111.22443389892578125,-1.1920928955078125e-07,-0,-1.00000011920928955078125,0,1,-0,1.00000011920928955078125,0,-1.1920928955078125e-07],"Size":[52.43878936767578125,1,41.719997406005859375]},"Lights":{"LightType":"PointLight"},"Material":["Slate"],"Color":[27,42,53],"PartId":1,"Lighting":{"Color":[255,255,255],"Range":30}},{"Size":{"CFrame":[-51.194286346435546875,307.801239013671875,108.57209014892578125,-0.0051395893096923828125,0.396826803684234619140625,0.9178791046142578125,0.999984443187713623046875,4.4405460357666015625e-05,0.0055800378322601318359375,0.0021735727787017822265625,0.91789352893829345703125,-0.39682090282440185546875],"Size":[15.47999858856201171875,0.4699995517730712890625,0.4699995517730712890625]},"Material":["Marble"],"Color":[99,95,98],"PartId":5},{"Size":{"CFrame":[-50.983348846435546875,314.61370849609375,108.89240264892578125,-0.0055139064788818359375,0.06225907802581787109375,0.9980447292327880859375,-0.9999797344207763671875,-0.0035076141357421875,-0.0053057968616485595703125,0.0031704604625701904296875,-0.99805390834808349609375,0.06227719783782958984375],"Size":[0.3399999439716339111328125,8.86999988555908203125,8.86999988555908203125]},"Material":["Marble"],"Color":[27,42,53],"PartId":5},{"Size":{"CFrame":[-36.733348846435546875,299.5394287109375,116.2986602783203125,-1.1920928955078125e-07,0,1.00000011920928955078125,0,1,0,-1.00000011920928955078125,0,-1.1920928955078125e-07],"Size":[44,1,75]},"Material":["Slate"],"Color":[27,42,53],"PartId":1},{"Size":{"CFrame":[-51.053661346435546875,314.654815673828125,108.84552764892578125,-0.0055139064788818359375,0.06225907802581787109375,0.9980447292327880859375,-0.9999797344207763671875,-0.0035076141357421875,-0.0053057968616485595703125,0.0031704604625701904296875,-0.99805390834808349609375,0.06227719783782958984375],"Size":[0.2599999606609344482421875,9.88000011444091796875,9.88000011444091796875]},"Material":["Marble"],"Color":[99,95,98],"PartId":5},{"Size":{"CFrame":[7.766651153564453125,299.5394287109375,94.2986602783203125,0,0,1,0,1,-0,-1,0,0],"Size":[88,1,164]},"Material":["Fabric"],"Color":[27,42,53],"PartId":1},{"Size":{"CFrame":[28.946338653564453125,300.189544677734375,108.81818389892578125,-0.0051395893096923828125,0.396826803684234619140625,0.9178791046142578125,0.999984443187713623046875,4.4405460357666015625e-05,0.0055800378322601318359375,0.0021735727787017822265625,0.91789352893829345703125,-0.39682090282440185546875],"Size":[0.2599999606609344482421875,9.88000011444091796875,9.88000011444091796875]},"Material":["Marble"],"Color":[99,95,98],"PartId":5},{"Size":{"CFrame":[-0.733349025249481201171875,285.539215087890625,139.2986602783203125,0,0,1,0,1,-0,-1,0,0],"Size":[2,1,185]},"Material":["Concrete"],"Color":[99,95,98],"PartId":1},{"Size":{"CFrame":[28.993213653564453125,300.23046875,108.75177764892578125,-0.0051395893096923828125,0.396826803684234619140625,0.9178791046142578125,0.999984443187713623046875,4.4405460357666015625e-05,0.0055800378322601318359375,0.0021735727787017822265625,0.91789352893829345703125,-0.39682090282440185546875],"Size":[0.3399999439716339111328125,8.86999988555908203125,8.86999988555908203125]},"Material":["Marble"],"Color":[27,42,53],"PartId":5},{"Size":{"CFrame":[68.9463348388671875,300.189544677734375,108.81818389892578125,-0.0051395893096923828125,0.396826803684234619140625,0.9178791046142578125,0.999984443187713623046875,4.4405460357666015625e-05,0.0055800378322601318359375,0.0021735727787017822265625,0.91789352893829345703125,-0.39682090282440185546875],"Size":[0.2599999606609344482421875,9.88000011444091796875,9.88000011444091796875]},"Material":["Marble"],"Color":[99,95,98],"PartId":5},{"Color":[255,0,0],"Mesh":{"MeshType":"FileMesh","MeshId":"rbxassetid://514528545","Scale":[18.303394317626953125,0.02499999664723873138427734375,15.82149982452392578125]},"CreateMesh":[],"Size":{"CFrame":[-12.33491230010986328125,286.06463623046875,108.47052764892578125,-1.1920928955078125e-07,-0,-1.00000011920928955078125,0,1,-0,1.00000011920928955078125,0,-1.1920928955078125e-07],"Size":[36.60678863525390625,0.0500000007450580596923828125,31.6430034637451171875]},"Surfaces":{"Top":"Studs","Bottom":"Inlet"},"PartId":1},{"Color":[255,0,0],"Mesh":{"MeshType":"FileMesh","MeshId":"rbxassetid://514528545","Scale":[18.303394317626953125,0.02499999664723873138427734375,15.82149982452392578125]},"CreateMesh":[],"Size":{"CFrame":[27.665088653564453125,286.06463623046875,108.47052764892578125,-1.1920928955078125e-07,-0,-1.00000011920928955078125,0,1,-0,1.00000011920928955078125,0,-1.1920928955078125e-07],"Size":[36.60678863525390625,0.0500000007450580596923828125,31.6430034637451171875]},"Surfaces":{"Top":"Studs","Bottom":"Inlet"},"PartId":1},{"Color":[255,0,0],"Mesh":{"MeshType":"FileMesh","MeshId":"rbxassetid://514528545","Scale":[18.303394317626953125,0.02499999664723873138427734375,15.82149982452392578125]},"CreateMesh":[],"Size":{"CFrame":[68.6650848388671875,286.06463623046875,108.47052764892578125,-1.1920928955078125e-07,-0,-1.00000011920928955078125,0,1,-0,1.00000011920928955078125,0,-1.1920928955078125e-07],"Size":[36.60678863525390625,0.0500000007450580596923828125,31.6430034637451171875]},"Surfaces":{"Top":"Studs","Bottom":"Inlet"},"PartId":1},{"Color":[255,0,0],"Mesh":{"MeshType":"FileMesh","MeshId":"rbxassetid://514528545","Scale":[18.303394317626953125,0.02499999664723873138427734375,15.82149982452392578125]},"CreateMesh":[],"Size":{"CFrame":[68.6650848388671875,300.064910888671875,108.47052764892578125,-1.1920928955078125e-07,-0,-1.00000011920928955078125,0,1,-0,1.00000011920928955078125,0,-1.1920928955078125e-07],"Size":[36.60678863525390625,0.0500000007450580596923828125,31.6430034637451171875]},"Surfaces":{"Top":"Studs","Bottom":"Inlet"},"PartId":1},{"Color":[255,0,0],"Mesh":{"MeshType":"FileMesh","MeshId":"rbxassetid://514528545","Scale":[18.303394317626953125,0.02499999664723873138427734375,15.82149982452392578125]},"CreateMesh":[],"Size":{"CFrame":[-11.32709789276123046875,300.064910888671875,108.47052764892578125,-1.1920928955078125e-07,-0,-1.00000011920928955078125,0,1,-0,1.00000011920928955078125,0,-1.1920928955078125e-07],"Size":[36.60678863525390625,0.0500000007450580596923828125,31.6430034637451171875]},"Surfaces":{"Top":"Studs","Bottom":"Inlet"},"PartId":1},{"Color":[255,0,0],"Mesh":{"MeshType":"FileMesh","MeshId":"rbxassetid://514528545","Scale":[18.303394317626953125,0.02499999664723873138427734375,15.82149982452392578125]},"CreateMesh":[],"Size":{"CFrame":[-51.334911346435546875,300.064910888671875,108.47052764892578125,-1.1920928955078125e-07,-0,-1.00000011920928955078125,0,1,-0,1.00000011920928955078125,0,-1.1920928955078125e-07],"Size":[36.60678863525390625,0.0500000007450580596923828125,31.6430034637451171875]},"Surfaces":{"Top":"Studs","Bottom":"Inlet"},"PartId":1},{"Color":[255,0,0],"Mesh":{"MeshType":"FileMesh","MeshId":"rbxassetid://514528545","Scale":[18.303394317626953125,0.02499999664723873138427734375,15.82149982452392578125]},"CreateMesh":[],"Size":{"CFrame":[28.665088653564453125,300.064910888671875,108.47052764892578125,-1.1920928955078125e-07,-0,-1.00000011920928955078125,0,1,-0,1.00000011920928955078125,0,-1.1920928955078125e-07],"Size":[36.60678863525390625,0.0500000007450580596923828125,31.6430034637451171875]},"Surfaces":{"Top":"Studs","Bottom":"Inlet"},"PartId":1},{"Anchor":{"Anchored":false},"Size":{"CFrame":[34.323314666748046875,291.092132568359375,89.73944854736328125,-0.20905767381191253662109375,-5.05891115665235702181234955788e-08,0.977903306484222412109375,7.28376425840338015404995530844e-09,1,5.32893622562369273509830236435e-08,-0.977903306484222412109375,1.8263385470618231920525431633e-08,-0.20905767381191253662109375],"Size":[7.5,9.5,0.25]},"Material":["Slate"],"Color":[27,42,53],"PartId":1},{"Color":[255,0,0],"Mesh":{"MeshType":"FileMesh","MeshId":"rbxassetid://462340882","Scale":[0.040929637849330902099609375,0.0409296564757823944091796875,0.04092966020107269287109375]},"CreateMesh":[],"Size":{"CFrame":[43.055713653564453125,303.705352783203125,127.23224639892578125,0.482999265193939208984375,-0.1294174492359161376953125,-0.86600399017333984375,0.2588149607181549072265625,0.965926945209503173828125,-4.09781932830810546875e-07,0.8364965915679931640625,-0.22413456439971923828125,0.50003719329833984375],"Size":[3.1220514774322509765625,1.2226145267486572265625,5.80100154876708984375]},"Surfaces":{"Top":"Studs","Bottom":"Inlet"},"PartId":1},{"Size":{"CFrame":[32.844776153564453125,301.33599853515625,126.38849639892578125,0.866007268428802490234375,0,0.500031411647796630859375,0,1,0,-0.500031411647796630859375,0,0.866007268428802490234375],"Size":[0.08314289152622222900390625,0.332571506500244140625,15.71401691436767578125]},"Material":["Neon"],"Color":[255,0,0],"PartId":1},{"Size":{"CFrame":[37.102588653564453125,303.62335205078125,133.8220977783203125,0.866007268428802490234375,0,0.500031411647796630859375,0,1,0,-0.500031411647796630859375,0,0.866007268428802490234375],"Size":[0.16628588736057281494140625,5.404284954071044921875,0.24942839145660400390625]},"Material":["Wood"],"Color":[17,17,17],"PartId":1},{"Size":{"CFrame":[42.071338653564453125,306.406494140625,130.9549102783203125,-2.062320709228515625e-05,0.866040170192718505859375,0.499974548816680908203125,-1.00000011920928955078125,-2.062320709228515625e-05,-5.49852848052978515625e-06,5.49852848052978515625e-06,-0.499974548816680908203125,0.86604011058807373046875],"Size":[0.16628588736057281494140625,11.64000415802001953125,0.24942839145660400390625]},"Material":["Wood"],"Color":[17,17,17],"PartId":1},{"Size":{"CFrame":[41.766651153564453125,306.365234375,130.5095977783203125,0.86604011058807373046875,-0.499974548816680908203125,-5.52833080291748046875e-06,-5.52833080291748046875e-06,-2.062320709228515625e-05,0.999999940395355224609375,-0.499974548816680908203125,-0.866040050983428955078125,-2.062320709228515625e-05],"Size":[11.3905792236328125,0.332571506500244140625,0.08314287662506103515625]},"Material":["Neon"],"Color":[255,0,0],"PartId":1},{"Size":{"CFrame":[36.868213653564453125,303.748443603515625,133.3338165283203125,4.0531158447265625e-05,0.50006103515625,-0.865990161895751953125,-1,4.0531158447265625e-05,-2.33948230743408203125e-05,2.33948230743408203125e-05,0.865990161895751953125,0.50006103515625],"Size":[5.154857158660888671875,0.332571506500244140625,0.08314289152622222900390625]},"Material":["Neon"],"Color":[255,0,0],"PartId":1},{"Size":{"CFrame":[36.829151153564453125,300.50640869140625,133.3533477783203125,0.866007268428802490234375,0,0.500031411647796630859375,0,1,0,-0.500031411647796630859375,0,0.866007268428802490234375],"Size":[0.1662861406803131103515625,0.83142888545989990234375,1.33028614521026611328125]},"Material":["Wood"],"Color":[17,17,17],"PartId":1},{"Size":{"CFrame":[47.040088653564453125,303.62335205078125,128.0877227783203125,0.866007268428802490234375,0,0.500031411647796630859375,0,1,0,-0.500031411647796630859375,0,0.866007268428802490234375],"Size":[0.16628588736057281494140625,5.404284954071044921875,0.24942839145660400390625]},"Material":["Wood"],"Color":[17,17,17],"PartId":1},{"Size":{"CFrame":[36.555713653564453125,304.03717041015625,132.8885040283203125,0.866007268428802490234375,0,0.500031411647796630859375,0,1,0,-0.500031411647796630859375,0,0.866007268428802490234375],"Size":[0.166285693645477294921875,4.572859287261962890625,0.2